0 0.0
1 0.006292589623435806
2 0.012584930328135138
3 0.01887677320520811
4 0.02516786936545762
5 0.031457969949224784
6 0.037746826136233154
7 0.04403418915543145
8 0.050319810294834275
9 0.05660344091136056
10 0.0628848324406692
11 0.06916373640699167
12 0.07543990443296102
13 0.08171308824943717
14 0.08798303970532767
15 0.09424951077740401
16 0.10051225358011276
17 0.10677102037538122
18 0.11302556358241746
19 0.11927563578750382
20 0.12552098975378403
21 0.13176137843104332
22 0.13799655496548102
23 0.14422627270947547
24 0.15045028523134077
25 0.1566683463250751
26 0.1628802100200997
27 0.16908563059098927
28 0.17528436256719188
29 0.18147616074273928
30 0.18766078018594667
31 0.19383797624910148
32 0.20000750457814107
33 0.20616912112231878
34 0.21232258214385785
35 0.21846764422759313
36 0.22460406429059987
37 0.23073159959180972
38 0.23685000774161258
39 0.2429590467114452
40 0.24905847484336502
41 0.2551480508596098
42 0.2612275338721416
43 0.2672966833921758
44 0.27335525933969457
45 0.27940302205294326
46 0.2854397322979113
47 0.2914651512777953
48 0.29747904064244557
49 0.30348116249779433
50 0.30947127941526653
51 0.31544915444117144
52 0.3214145511060766
53 0.3273672334341612
54 0.33330696595255127
55 0.339233513700634
56 0.3451466422393526
57 0.35104611766047955
58 0.35693170659587
59 0.36280317622669256
60 0.36866029429263975
61 0.374502829101115
62 0.38033054953639833
63 0.3861432250687881
64 0.3919406257637209
65 0.39772252229086646
66 0.40348868593319975
67 0.40923888859604873
68 0.4149729028161163
69 0.42069050177047906
70 0.42639145928555944
71 0.43207554984607255
72 0.43774254860394707
73 0.44339223138721984
74 0.44902437470890305
75 0.45463875577582513
76 0.46023515249744396
77 0.46581334349463205
78 0.4713731081084336
79 0.47691422640879355
80 0.48243647920325716
81 0.4879396480456409
82 0.4934235152446734
83 0.49888786387260714
84 0.5043324777737989
85 0.509757141573261
86 0.5151616406851808
87 0.5205457613214091
88 0.5259092904999164
89 0.5312520160532193
90 0.5365737266367725
91 0.5418742117373285
92 0.5471532616812663
93 0.5524106676428843
94 0.5576462216526616
95 0.5628597166054846
96 0.5680509462688397
97 0.5732197052909708
98 0.5783657892090028
99 0.5834889944570304
100 0.5885891183741688
101 0.5936659592125726
102 0.5987193161454147
103 0.6037489892748316
104 0.60875477963983
105 0.6137364892241585
106 0.6186939209641383
107 0.6236268787564614
108 0.6285351674659457
109 0.6334185929332551
110 0.6382769619825794
111 0.6431100824292769
112 0.6479177630874753
113 0.6526998137776354
114 0.6574560453340739
115 0.6621862696124465
116 0.66689029949719
117 0.6715679489089247
118 0.6762190328118143
119 0.6808433672208868
120 0.6854407692093109
121 0.6900110569156335
122 0.6945540495509727
123 0.6990695674061701
124 0.703557431858899
125 0.7080174653807306
126 0.7124494915441565
127 0.7168533350295676
128 0.7212288216321895
129 0.7255757782689733
130 0.729894032985443
131 0.7341834149624965
132 0.7384437545231636
133 0.7426748831393177
134 0.7468766334383425
135 0.7510488392097527
136 0.7551913354117687
137 0.7593039581778457
138 0.7633865448231553
139 0.7674389338510212
140 0.7714609649593076
141 0.7754524790467603
142 0.7794133182193002
143 0.7833433257962695
144 0.7872423463166293
145 0.791110225545109
146 0.7949468104783085
147 0.7987519493507492
148 0.8025254916408786
149 0.8062672880770239
150 0.8099771906432971
151 0.81365505258545
152 0.8173007284166794
153 0.8209140739233828
154 0.8244949461708617
155 0.8280432035089773
156 0.8315587055777527
157 0.8350413133129256
158 0.8384908889514497
159 0.8419072960369435
160 0.8452903994250887
161 0.8486400652889758
162 0.851956161124399
163 0.8552385557550956
164 0.8584871193379373
165 0.861701723368065
166 0.8648822406839729
167 0.8680285454725378
168 0.8711405132739969
169 0.8742180209868704
170 0.8772609468728318
171 0.8802691705615232
172 0.8832425730553163
173 0.8861810367340203
174 0.8890844453595343
175 0.8919526840804463
176 0.8947856394365749
177 0.8975831993634585
178 0.9003452531967884
179 0.9030716916767856
180 0.9057624069525235
181 0.9084172925861942
182 0.9110362435573183
183 0.9136191562669002
184 0.9161659285415249
185 0.9186764596374014
186 0.9211506502443464
187 0.9235884024897133
188 0.9259896199422639
189 0.928354207615983
190 0.9306820719738357
191 0.9329731209314671
192 0.9352272638608456
193 0.9374444115938477
194 0.9396244764257847
195 0.941767372118873
196 0.9438730139056447
197 0.9459413184923011
198 0.9479722040620079
199 0.9499655902781308
200 0.9519213982874142
201 0.9538395507231
202 0.9557199717079885
203 0.9575625868574394
204 0.9593673232823147
205 0.9611341095918611
206 0.9628628758965352
207 0.9645535538107679
208 0.966206076455669
209 0.967820378461673
210 0.9693963959711254
211 0.9709340666408077
212 0.9724333296444051
213 0.9738941256749111
214 0.9753163969469743
215 0.9767000871991843
216 0.9780451416962967
217 0.9793515072313993
218 0.9806191321280155
219 0.9818479662421499
220 0.9830379609642704
221 0.9841890692212324
222 0.9853012454781398
223 0.9863744457401474
224 0.9874086275542
225 0.9884037500107128
226 0.9893597737451886
227 0.990276660939776
228 0.991154375324765
229 0.9919928821800212
230 0.99279214833636
231 0.9935521421768587
232 0.9942728336381061
233 0.9949541942113933
234 0.9955961969438403
235 0.9961988164394621
236 0.9967620288601747
237 0.997285811926736
238 0.9977701449196296
239 0.9982150086798814
240 0.9986203856098204
241 0.9989862596737727
242 0.9993126163986972
243 0.9995994428747573
244 0.9998467277558318
245 1.0000544612599638
246 1.0002226351697476
247 1.0003512428326542
248 1.0004402791612936
249 1.0004897406336162
250 1.0004996252930534
251 1.0004699327485926
252 1.0004006641747958
253 1.0002918223117496
254 1.0001434114649599
255 0.9999554375051798
256 0.999727907868178
257 0.9994608315544443
258 0.9991542191288338
259 0.9988080827201495
260 0.9984224360206615
261 0.997997294285566
262 0.9975326743323815
263 0.997028594540284
264 0.99648507484938
265 0.9959021367599166
266 0.9952798033314323
267 0.9946180991818443
268 0.9939170504864752
269 0.9931766849770165
270 0.9923970319404323
271 0.9915781222178008
272 0.9907199882030946
273 0.9898226638418982
274 0.9888861846300661
275 0.9879105876123188
276 0.9868959113807764
277 0.9858421960734334
278 0.9847494833725697
279 0.9836178165031025
280 0.9824472402308762
281 0.9812378008608911
282 0.9799895462354727
283 0.9787025257323788
284 0.9773767902628451
285 0.9760123922695733
286 0.9746093857246548
287 0.9731678261274374
288 0.9716877705023278
289 0.9701692773965379
290 0.9686124068777675
291 0.9670172205318288
292 0.96538378146021
293 0.9637121542775791
294 0.962002405109228
295 0.9602546015884568
296 0.9584688128538987
297 0.9566451095467843
298 0.9547835638081478
299 0.9528842492759727
300 0.9509472410822799
301 0.9489726158501549
302 0.9469604516907167
303 0.9449108282000286
304 0.9428238264559484
305 0.9406995290149227
306 0.9385380199087199
307 0.9363393846411067
308 0.9341037101844659
309 0.9318310849763558
310 0.9295215989160114
311 0.9271753433607892
312 0.9247924111225526
313 0.9223728964640006
314 0.9199168950949389
315 0.9174245041684945
316 0.9148958222772717
317 0.9123309494494531
318 0.9097299871448417
319 0.9070930382508473
320 0.9044202070784181
321 0.9017115993579126
322 0.8989673222349182
323 0.8961874842660124
324 0.8933721954144691
325 0.890521567045908
326 0.8876357119238898
327 0.8847147442054553
328 0.88175877943661
329 0.8787679345477524
330 0.8757423278490499
331 0.8726820790257583
332 0.8695873091334866
333 0.8664581405934088
334 0.863294697187422
335 0.860097104053249
336 0.8568654876794881
337 0.8535999759006104
338 0.8503006978919019
339 0.8469677841643546
340 0.8436013665595031
341 0.8402015782442103
342 0.836768553705398
343 0.8333024287447287
344 0.8298033404732322
345 0.8262714273058834
346 0.8227068289561253
347 0.8191096864303431
348 0.8154801420222866
349 0.8118183393074409
350 0.8081244231373468
351 0.8043985396338721
352 0.8006408361834297
353 0.7968514614311485
354 0.7930305652749928
355 0.789178298859833
356 0.7852948145714668
357 0.7813802660305909
358 0.7774348080867243
359 0.773458596812083
360 0.7694517894954056
361 0.7654145446357324
362 0.7613470219361348
363 0.7572493822973977
364 0.7531217878116552
365 0.7489644017559787
366 0.7447773885859175
367 0.740560913928994
368 0.7363151445781515
369 0.7320402484851563
370 0.727736394753954
371 0.7234037536339804
372 0.7190424965134267
373 0.7146527959124596
374 0.7102348254763975
375 0.7057887599688405
376 0.7013147752647585
377 0.6968130483435327
378 0.6922837572819559
379 0.6877270812471874
380 0.6831432004896661
381 0.67853229633598
382 0.6738945511816934
383 0.6692301484841321
384 0.6645392727551259
385 0.6598221095537102
386 0.655078845478785
387 0.6503096681617346
388 0.6455147662590046
389 0.6406943294446391
390 0.6358485484027783
391 0.6309776148201149
392 0.6260817213783119
393 0.6211610617463804
394 0.6162158305730187
395 0.6112462234789119
396 0.6062524370489946
397 0.6012346688246738
398 0.5961931172960151
399 0.5911279818938906
400 0.5860394629820899
401 0.5809277618493947
402 0.5757930807016158
403 0.5706356226535947
404 0.5654555917211685
405 0.5602531928131003
406 0.5550286317229725
407 0.5497821151210469
408 0.5445138505460894
409 0.5392240463971596
410 0.5339129119253682
411 0.5285806572255978
412 0.5232274932281941
413 0.5178536316906206
414 0.5124592851890827
415 0.5070446671101185
416 0.5016099916421578
417 0.4961554737670494
418 0.49068132925155655
419 0.48518777463882273
420 0.479675027239805
421 0.47414330512467756
422 0.46859282711420625
423 0.463023812771092
424 0.4574364823912854
425 0.45183105699527276
426 0.44620775831933296
427 0.4405668088067659
428 0.4349084315990934
429 0.4292328505272325
430 0.4235402901026409
431 0.4178309755084358
432 0.41210513259048687
433 0.40636298784848185
434 0.40060476842696685
435 0.394830702106361
436 0.38904101729394647
437 0.38323594301483277
438 0.3774157089028974
439 0.371580545191702
440 0.36573068270538506
441 0.35986635284953084
442 0.35398778760201566
443 0.34809521950383177
444 0.342188881649888
445 0.3362690076797897
446 0.33033583176859627
447 0.3243895886175578
448 0.3184305134448309
449 0.3124588419761743
450 0.3064748104356237
451 0.3004786555361478
452 0.2944706144702842
453 0.28845092490075697
454 0.282419824951075
455 0.2763775531961127
456 0.27032434865267246
457 0.26426045077002985
458 0.25818609942046156
459 0.2521015348897565
460 0.2460069978677112
461 0.2399027294386082
462 0.2337889710716795
463 0.22766596461155506
464 0.22153395226869543
465 0.215393176609811
466 0.20924388054826643
467 0.20308630733447164
468 0.19692070054625968
469 0.1907473040792511
470 0.18456636213720626
471 0.17837811922236513
472 0.17218282012577557
473 0.16598070991760983
474 0.15977203393747036
475 0.15355703778468477
476 0.14733596730859042
477 0.14110906859880937
478 0.13487658797551377
479 0.12863877197968196
480 0.12239586736334584
481 0.11614812107983027
482 0.109895780273984
483 0.10363909227240327
484 0.09737830457364832
485 0.0911136648384529
486 0.08484542087992746
487 0.07857382065375627
488 0.07229911224838902
489 0.06602154387522693
490 0.059741363858804276
491 0.053458820626965275
492 0.04717416270103686
493 0.04088763868599783
494 0.03459949726064474
495 0.02830998716775473
496 0.02201935720424593
497 0.015727856211335683
498 0.009435733064697029
499 0.0031432366646138117
500 -0.0031493840738651725
501 -0.009441880230772618
502 -0.015734002891069344
503 -0.022025503154490745
504 -0.028316132145392647
505 -0.034605641022596174
506 -0.04089378098923129
507 -0.047180303302578545
508 -0.05346495928390873
509 -0.059747500328319936
510 -0.06602767791457176
511 -0.07230524361491614
512 -0.07857994910492452
513 -0.08485154617331099
514 -0.09111978673175081
515 -0.09738442282469417
516 -0.10364520663917472
517 -0.10990189051461233
518 -0.11615422695261002
519 -0.12240196862674428
520 -0.12864486839234873
521 -0.13488267929629041
522 -0.1411151545867388
523 -0.1473420477229265
524 -0.15356311238490192
525 -0.15977810248327298
526 -0.16598677216894175
527 -0.17218887584282963
528 -0.1783841681655927
529 -0.18457240406732658
530 -0.19075333875726094
531 -0.19692672773344264
532 -0.2030923267924076
533 -0.209249892038841
534 -0.21539917989522503
535 -0.22153994711147432
536 -0.22767195077455812
537 -0.23379494831810949
538 -0.23990869753202043
539 -0.24601295657202335
540 -0.2521074839692574
541 -0.2581920386398208
542 -0.2642663798943073
543 -0.270330267447327
544 -0.276383461427012
545 -0.2824257223845046
546 -0.2884568113034295
547 -0.29447648960934864
548 -0.3004845191791986
549 -0.30648066235071025
550 -0.3124646819318097
551 -0.3184363412100016
552 -0.3243954039617322
553 -0.33034163446173437
554 -0.3362747974923518
555 -0.34219465835284385
556 -0.3481009828686698
557 -0.353993537400752
558 -0.35987208885471805
559 -0.3657364046901216
560 -0.37158625292964076
561 -0.3774214021682548
562 -0.3832416215823979
563 -0.3890466809390897
564 -0.394836350605043
565 -0.4006104015557475
566 -0.40636860538452907
567 -0.41211073431158524
568 -0.4178365611929955
569 -0.42354585952970664
570 -0.4292384034764921
571 -0.4349139678508863
572 -0.4405723281420922
573 -0.4462132605198618
574 -0.45183654184335126
575 -0.4574419496699469
576 -0.46302926226406504
577 -0.46859825860592286
578 -0.4741487184002817
579 -0.47968042208516143
580 -0.4851931508405254
581 -0.4906866865969365
582 -0.4961608120441838
583 -0.5016153106398782
584 -0.5070499666180189
585 -0.512464564997528
586 -0.5178588915907552
587 -0.5232327330119496
588 -0.528585876685702
589 -0.5339181108553526
590 -0.539229224591368
591 -0.5445190077996853
592 -0.5497872512300228
593 -0.5550337464841569
594 -0.5602582860241665
595 -0.5654606631806423
596 -0.5706406721608619
597 -0.5757981080569309
598 -0.5809327668538883
599 -0.5860444454377768
600 -0.5911329416036776
601 -0.5961980540637088
602 -0.6012395824549883
603 -0.6062573273475592
604 -0.611251090252279
605 -0.6162206736286711
606 -0.6211658808927394
607 -0.6260865164247442
608 -0.630982385576941
609 -0.635853294681279
610 -0.6406990510570639
611 -0.6455194630185787
612 -0.6503143398826661
613 -0.6550834919762725
614 -0.65982673064395
615 -0.6645438682553197
616 -0.6692347182124935
617 -0.6738990949574556
618 -0.6785368139794029
619 -0.6831476918220434
620 -0.6877315460908535
621 -0.6922881954602931
622 -0.696817459680978
623 -0.7013191595868106
624 -0.7057931171020669
625 -0.7102391552484412
626 -0.7146570981520459
627 -0.7190467710503701
628 -0.7234080002991911
629 -0.7277406133794447
630 -0.7320444389040491
631 -0.7363193066246841
632 -0.7405650474385267
633 -0.7447814933949388
634 -0.7489684777021131
635 -0.7531258347336686
636 -0.7572534000352044
637 -0.7613510103308033
638 -0.7654185035294921
639 -0.7694557187316527
640 -0.7734624962353869
641 -0.7774386775428339
642 -0.7813841053664405
643 -0.7852986236351821
644 -0.7891820775007372
645 -0.7930343133436123
646 -0.7968551787792194
647 -0.8006445226639034
648 -0.8044021951009206
649 -0.8081280474463691
650 -0.8118219323150685
651 -0.8154837035863897
652 -0.8191132164100353
653 -0.8227103272117693
654 -0.8262748936990973
655 -0.8298067748668944
656 -0.833305831002983
657 -0.8367719236936602
658 -0.840204915829172
659 -0.8436046716091383
660 -0.8469710565479238
661 -0.850303937479958
662 -0.8536031825650036
663 -0.856868661293371
664 -0.8601002444910815
665 -0.8632978043249765
666 -0.8664612143077746
667 -0.8695903493030754
668 -0.8726850855303092
669 -0.8757453005696333
670 -0.8787708733667745
671 -0.881761684237819
672 -0.884717614873945
673 -0.8876385483461033
674 -0.890524369109644
675 -0.8933749630088849
676 -0.8961902172816292
677 -0.8989700205636248
678 -0.9017142628929701
679 -0.9044228357144637
680 -0.9070956318838992
681 -0.9097325456723018
682 -0.9123334727701131
683 -0.9148983102913154
684 -0.9174269567775021
685 -0.9199193122018916
686 -0.922375277973284
687 -0.9247947569399604
688 -0.9271776533935265
689 -0.9295238730726996
690 -0.9318333231670347
691 -0.9341059123205986
692 -0.9363415506355823
693 -0.938540149675857
694 -0.9407016224704735
695 -0.942825883517101
696 -0.9449128487854108
697 -0.9469624357203996
698 -0.9489745632456551
699 -0.9509491517665636
700 -0.9528861231734579
701 -0.9547854008447079
702 -0.956646909649751
703 -0.9584705759520644
704 -0.9602563276120778
705 -0.962004093990027
706 -0.9637138059487486
707 -0.9653853958564139
708 -0.967018797589206
709 -0.9686139465339334
710 -0.9701707795905876
711 -0.9716892351748385
712 -0.9731692532204703
713 -0.9746107751817579
714 -0.9760137440357828
715 -0.9773781042846887
716 -0.9787038019578773
717 -0.9799907846141419
718 -0.9812390013437436
719 -0.982448402770424
720 -0.9836189410533586
721 -0.9847505698890495
722 -0.9858432445131572
723 -0.9868969217022706
724 -0.9879115597756175
725 -0.9888871185967133
726 -0.9898235595749485
727 -0.9907208456671149
728 -0.9915789413788724
729 -0.9923978127661509
730 -0.9931774274364947
731 -0.9939177545503433
732 -0.9946187648222511
733 -0.9952804305220465
734 -0.9959027254759284
735 -0.9964856250675016
736 -0.9970291062387503
737 -0.9975331474909506
738 -0.9979977288855211
739 -0.9984228320448111
740 -0.9988084401528279
741 -0.9991545379559017
742 -0.99946111176329
743 -0.999728149447717
744 -0.999955640445856
745 -1.0001435757587454
746 -1.0002919479521453
747 -1.0004007511568314
748 -1.0004699810688278
749 -1.000499634949576
750 -1.0004897116260447
751 -1.0004402114907753
752 -1.0003511365018662
753 -1.000222490182896
754 -1.0000542776227834
755 -0.9998465054755872
756 -0.9995991819602412
757 -0.9993123168602309
758 -0.9989859215232052
759 -0.9986200088605278
760 -0.9982145933467673
761 -0.9977696910191232
762 -0.997285319476793
763 -0.9967614978802747
764 -0.9961982469506097
765 -0.9955955889685628
766 -0.994953547773741
767 -0.9942721487636502
768 -0.9935514188926912
769 -0.9927913866710923
770 -0.9919920821637829
771 -0.9911535369892026
772 -0.9902757843180521
773 -0.9893588588719799
774 -0.9884027969222094
775 -0.9874076362881038
776 -0.9863734163356701
777 -0.985300177976002
778 -0.9841879636636617
779 -0.9830368173949999
780 -0.9818467847064163
781 -0.9806179126725573
782 -0.9793502499044549
783 -0.978043846547603
784 -0.976698754279974
785 -0.9753150263099744
786 -0.9738927173743402
787 -0.9724318837359724
788 -0.9709325831817095
789 -0.9693948750200432
790 -0.9678188200787723
791 -0.966204480702595
792 -0.9645519207506449
793 -0.9628612055939626
794 -0.9611324021129118
795 -0.9593655786945322
796 -0.9575608052298354
797 -0.9557181531110394
798 -0.9538376952287447
799 -0.9519195059690514
800 -0.9499636612106158
801 -0.9479702383216496
802 -0.9459393161568594
803 -0.9438709750543266
804 -0.9417652968323305
805 -0.9396223647861105
806 -0.9374422636845727
807 -0.935225079766936
808 -0.9329709007393199
809 -0.9306798157712759
810 -0.9283519154922604
811 -0.9259872919880489
812 -0.9235860387970939
813 -0.9211482509068242
814 -0.9186740247498884
815 -0.9161634582003386
816 -0.913616650569761
817 -0.9110337026033457
818 -0.9084147164759017
819 -0.9057597957878154
820 -0.9030690455609529
821 -0.9003425722345048
822 -0.897580483660776
823 -0.8947828891009196
824 -0.8919498992206147
825 -0.8890816260856883
826 -0.8861781831576829
827 -0.883239685289368
828 -0.8802662487201963
829 -0.8772579910717072
830 -0.8742150313428716
831 -0.8711374899053868
832 -0.868025488498913
833 -0.8648791502262596
834 -0.8616985995485139
835 -0.8584839622801184
836 -0.8552353655838942
837 -0.85195293796601
838 -0.8486368092708995
839 -0.8452871106761243
840 -0.8419039746871859
841 -0.838487535132283
842 -0.8350379271570183
843 -0.8315552872190526
844 -0.8280397530827059
845 -0.8244914638135091
846 -0.8209105597727021
847 -0.8172971826116816
848 -0.8136514752663976
849 -0.8099735819516998
850 -0.8062636481556323
851 -0.802521820633679
852 -0.7987482474029571
853 -0.7949430777363635
854 -0.7911064621566689
855 -0.7872385524305641
856 -0.7833395015626556
857 -0.7794094637894144
858 -0.7754485945730741
859 -0.7714570505954808
860 -0.7674349897518958
861 -0.7633825711447499
862 -0.759299955077349
863 -0.7551873030475331
864 -0.751044777741288
865 -0.7468725430263101
866 -0.7426707639455239
867 -0.738439606710553
868 -0.7341792386951461
869 -0.7298898284285552
870 -0.7255715455888698
871 -0.7212245609963039
872 -0.7168490466064401
873 -0.712445175503426
874 -0.7080131218931286
875 -0.7035530610962428
876 -0.6990651695413558
877 -0.6945496247579686
878 -0.690006605369473
879 -0.6854362910860857
880 -0.6808388626977401
881 -0.6762145020669337
882 -0.6715633921215344
883 -0.6668857168475452
884 -0.6621816612818249
885 -0.6574514115047693
886 -0.6526951546329504
887 -0.6479130788117134
888 -0.6431053732077363
889 -0.6382722280015449
890 -0.6334138343799907
891 -0.6285303845286877
892 -0.6236220716244104
893 -0.6186890898274523
894 -0.6137316342739446
895 -0.608749901068138
896 -0.6037440872746449
897 -0.5987143909106439
898 -0.5936610109380475
899 -0.5885841472556305
900 -0.5834840006911236
901 -0.5783607729932682
902 -0.5732146668238367
903 -0.5680458857496153
904 -0.5628546342343511
905 -0.5576411176306644
906 -0.5524055421719255
907 -0.5471481149640964
908 -0.5418690439775385
909 -0.5365685380387858
910 -0.5312468068222835
911 -0.5259040608420953
912 -0.5205405114435746
913 -0.5151563707950048
914 -0.5097518518792067
915 -0.5043271684851129
916 -0.4988825351993116
917 -0.49341816739755695
918 -0.4879342812362506
919 -0.48243109364389025
920 -0.47690882231248893
921 -0.4713676856889636
922 -0.4658079029664936
923 -0.46022969407585046
924 -0.45463327967669775
925 -0.4490188811488621
926 -0.4433867205835766
927 -0.43773702077469484
928 -0.432070005209878
929 -0.4263858980617542
930 -0.4206849241790511
931 -0.4149673090777008
932 -0.4092332789319197
933 -0.40348306056526123
934 -0.3977168814416434
935 -0.391934969656351
936 -0.3861375539270125
937 -0.3803248635845528
938 -0.37449712856412126
939 -0.36865457939599644
940 -0.36279744719646645
941 -0.35692596365868673
942 -0.35104036104351516
943 -0.345140872170324
944 -0.3392277304077905
945 -0.33330116966466494
946 -0.3273614243805185
947 -0.32140872951646876
948 -0.31544332054588575
949 -0.30946543344507677
950 -0.30347530468395223
951 -0.29747317121667116
952 -0.2914592704722681
953 -0.28543384034526087
954 -0.27939711918624016
955 -0.2733493457924411
956 -0.2672907593982968
957 -0.261221599665975
958 -0.2551421066758977
959 -0.24905252091724409
960 -0.24295308327843748
961 -0.23684403503761622
962 -0.23072561785308962
963 -0.2245980737537783
964 -0.2184616451296404
965 -0.2123165747220829
966 -0.20616310561435985
967 -0.20000148122195624
968 -0.19383194528295927
969 -0.18765474184841666
970 -0.1814701152726827
971 -0.175278310203752
972 -0.1690795715735821
973 -0.1628741445884045
974 -0.15666227471902477
975 -0.15044420769111258
976 -0.14422018947548132
977 -0.1379904662783581
978 -0.13175528453164445
979 -0.1255148908831683
980 -0.1192695321869269
981 -0.1130194554933222
982 -0.10676490803938797
983 -0.10050613723900988
984 -0.09424339067313832
985 -0.08797691607999479
986 -0.08170696134527206
987 -0.07543377449232833
988 -0.06915760367237614
989 -0.06287869715466614
990 -0.05659730331666616
991 -0.05031367063423608
992 -0.04402804767179869
993 -0.03774068307250721
994 -0.031451825548409536
995 -0.025161723870609835
996 -0.018870626859427826
997 -0.012578783374556063
998 -0.0062864423052156875
999 6.147439688990703e-06
